0 0.560547 0.656250 0.161719 0.281944
0 0.369922 0.682639 0.132031 0.259722
0 0.214062 0.480556 0.118750 0.230556
0 0.387500 0.404861 0.107813 0.140278
0 0.511719 0.404167 0.096875 0.158333
0 0.661719 0.468750 0.123438 0.201389
0 0.773828 0.436806 0.127344 0.170833
0 0.624609 0.380556 0.096094 0.141667
0 0.712500 0.386111 0.092188 0.127778
0 0.378906 0.268056 0.062500 0.094444
0 0.256250 0.329167 0.071875 0.177778
0 0.299609 0.261111 0.061719 0.130556
0 0.102734 0.817361 0.164844 0.293056
0 0.463281 0.229861 0.065625 0.090278
