3 0.128906 0.735417 0.073437 0.245833
3 0.038672 0.670833 0.077344 0.233333
0 0.275000 0.609028 0.132813 0.184722
0 0.444922 0.577083 0.102344 0.159722
0 0.573438 0.606250 0.109375 0.170833
0 0.702344 0.584028 0.140625 0.215278
0 0.675391 0.493750 0.082031 0.137500
0 0.461719 0.494444 0.070313 0.111111
0 0.476563 0.457639 0.057813 0.104167
0 0.562500 0.511806 0.073437 0.120833
0 0.568359 0.461111 0.061719 0.077778
0 0.558594 0.420139 0.043750 0.065278
0 0.570703 0.389583 0.058594 0.098611
0 0.351953 0.501389 0.091406 0.122222
0 0.383594 0.454861 0.053125 0.081944
0 0.404297 0.429861 0.061719 0.081944
1 0.497266 0.356944 0.119531 0.213889
