0 0.420312 0.399306 0.076563 0.137500
0 0.293750 0.418056 0.090625 0.141667
0 0.330078 0.363194 0.060156 0.120833
0 0.192188 0.407639 0.090625 0.145833
0 0.244531 0.259722 0.057813 0.075000
0 0.337109 0.233333 0.047656 0.066667
0 0.453516 0.193056 0.057031 0.077778
0 0.500781 0.326389 0.067188 0.100000
0 0.535937 0.402083 0.070313 0.134722
0 0.604688 0.369444 0.067188 0.105556
0 0.563281 0.293750 0.062500 0.095833
0 0.536328 0.238889 0.047656 0.050000
0 0.529297 0.186111 0.041406 0.044444
2 0.678906 0.776389 0.439063 0.372222
