0 0.414453 0.683333 0.155469 0.338889
0 0.555078 0.391667 0.105469 0.177778
0 0.316406 0.320139 0.112500 0.184722
0 0.171875 0.856250 0.179688 0.273611
0 0.152344 0.526389 0.160938 0.213889
0 0.216406 0.359028 0.104687 0.123611
0 0.227734 0.222917 0.055469 0.065278
0 0.221484 0.188889 0.085156 0.088889
2 0.423047 0.331250 0.102344 0.229167
2 0.513281 0.277778 0.117188 0.155556
0 0.470313 0.222917 0.064062 0.118056
0 0.694922 0.827083 0.286719 0.345833
0 0.415625 0.163889 0.071875 0.091667
0 0.371875 0.212500 0.068750 0.080556
0 0.348437 0.167361 0.054688 0.081944
