0 0.343750 0.586111 0.162500 0.372222
0 0.492578 0.465278 0.130469 0.238889
0 0.441016 0.254167 0.089844 0.116667
0 0.617578 0.326389 0.116406 0.138889
0 0.679688 0.461806 0.146875 0.229167
0 0.835156 0.479861 0.150000 0.220833
0 0.751562 0.339583 0.128125 0.187500
0 0.671094 0.252083 0.106250 0.148611
0 0.549609 0.234028 0.100781 0.151389
0 0.220313 0.249306 0.085938 0.156944
0 0.325000 0.148611 0.068750 0.080556
0 0.403125 0.126389 0.065625 0.077778
3 0.739062 0.627083 0.103125 0.226389
2 0.321094 0.304167 0.109375 0.194444
