0 0.535937 0.730556 0.193750 0.291667
0 0.750000 0.708333 0.196875 0.325000
0 0.692578 0.499306 0.164844 0.318056
0 0.528516 0.564583 0.164844 0.251389
0 0.336328 0.523611 0.153906 0.247222
0 0.301953 0.753472 0.188281 0.337500
0 0.100391 0.688889 0.191406 0.352778
0 0.232812 0.323611 0.120312 0.172222
0 0.358594 0.383333 0.106250 0.161111
0 0.575000 0.276389 0.093750 0.125000
0 0.358203 0.281250 0.085156 0.131944
0 0.271875 0.207639 0.075000 0.137500
0 0.307422 0.145833 0.063281 0.086111
0 0.372656 0.206250 0.079687 0.112500
2 0.473047 0.255556 0.088281 0.180556
