0 0.549609 0.481250 0.107031 0.151389
0 0.667578 0.450694 0.102344 0.165278
0 0.795703 0.464583 0.117969 0.151389
0 0.873047 0.424306 0.099219 0.131944
0 0.421484 0.461806 0.114844 0.179167
0 0.298828 0.489583 0.097656 0.159722
0 0.147656 0.514583 0.121875 0.154167
0 0.103516 0.752778 0.207031 0.227778
0 0.437109 0.398611 0.083594 0.122222
0 0.538281 0.404861 0.081250 0.104167
0 0.635156 0.379167 0.071875 0.102778
0 0.755469 0.386806 0.107813 0.143056
0 0.823438 0.367361 0.084375 0.095833
0 0.727734 0.315972 0.061719 0.062500
0 0.453906 0.186806 0.057813 0.068056
1 0.313281 0.335417 0.118750 0.234722
