0 0.577344 0.825694 0.225000 0.348611
0 0.867188 0.822917 0.260938 0.329167
0 0.307813 0.866667 0.187500 0.266667
0 0.300781 0.572222 0.170312 0.269444
0 0.087500 0.735417 0.175000 0.293056
0 0.526563 0.583333 0.148438 0.247222
0 0.352344 0.318056 0.104687 0.158333
0 0.627734 0.348611 0.130469 0.202778
0 0.708984 0.498611 0.164844 0.286111
2 0.500781 0.379861 0.110937 0.215278
2 0.233203 0.313194 0.110156 0.190278
0 0.466797 0.286111 0.086719 0.130556
0 0.575781 0.278472 0.093750 0.112500
0 0.372266 0.223611 0.077344 0.091667
