0 0.538672 0.577083 0.158594 0.209722
0 0.573438 0.759028 0.185937 0.326389
0 0.804297 0.813889 0.238281 0.350000
0 0.384766 0.486806 0.146094 0.231944
0 0.250781 0.852778 0.192188 0.275000
0 0.120312 0.619444 0.192188 0.261111
0 0.233203 0.354167 0.089844 0.152778
0 0.264844 0.243750 0.082813 0.118056
0 0.375391 0.293056 0.082031 0.144444
2 0.340234 0.404167 0.107031 0.219444
0 0.480859 0.277083 0.083594 0.165278
0 0.368359 0.227083 0.071094 0.126389
0 0.677734 0.450000 0.124219 0.175000
2 0.743750 0.570833 0.159375 0.258333
