0 0.741016 0.830556 0.250781 0.308333
0 0.916797 0.511111 0.138281 0.222222
0 0.668359 0.422917 0.135156 0.184722
0 0.651563 0.330556 0.117188 0.175000
0 0.506250 0.418056 0.112500 0.172222
0 0.510938 0.331250 0.096875 0.118056
0 0.503125 0.268056 0.093750 0.094444
0 0.354688 0.416667 0.125000 0.194444
0 0.382813 0.345139 0.089062 0.137500
0 0.379297 0.270139 0.097656 0.129167
0 0.485938 0.216667 0.065625 0.094444
0 0.617578 0.276389 0.080469 0.111111
0 0.600391 0.220833 0.077344 0.100000
0 0.382031 0.209028 0.092188 0.118056
0 0.295703 0.134028 0.072656 0.093056
