0 0.725391 0.731250 0.263281 0.287500
0 0.221875 0.648611 0.226563 0.280556
0 0.532422 0.440278 0.094531 0.150000
3 0.373047 0.423611 0.044531 0.152778
3 0.445703 0.441667 0.038281 0.155556
3 0.276172 0.429167 0.044531 0.141667
3 0.149219 0.404167 0.037500 0.147222
0 0.613281 0.423611 0.098438 0.169444
0 0.560156 0.347222 0.089062 0.141667
0 0.491797 0.351389 0.071094 0.091667
0 0.303906 0.331944 0.067188 0.122222
0 0.392578 0.340278 0.067969 0.094444
0 0.476172 0.299306 0.064844 0.095833
0 0.378125 0.183333 0.064062 0.086111
