0 0.369531 0.859722 0.267188 0.255556
0 0.531250 0.436111 0.079687 0.141667
0 0.616016 0.409028 0.091406 0.123611
0 0.405078 0.392361 0.075781 0.129167
0 0.314063 0.342361 0.065625 0.095833
0 0.216797 0.368750 0.075781 0.118056
3 0.282031 0.439583 0.043750 0.154167
3 0.155469 0.420139 0.053125 0.165278
3 0.378125 0.447222 0.039063 0.138889
3 0.451953 0.451389 0.036719 0.152778
0 0.490234 0.297917 0.083594 0.084722
0 0.501953 0.359028 0.064844 0.106944
0 0.575781 0.359028 0.084375 0.106944
0 0.391406 0.336806 0.059375 0.087500
